$ 1 0.000005 10.20027730826997 50 5 50 5e-11
w 352 480 400 480 0
w 384 608 352 608 0
w 368 736 352 736 0
w 512 736 496 736 0
w 528 608 496 608 0
w 496 480 544 480 0
s 608 480 640 480 0 0 true
w 640 480 688 480 0
w 672 608 640 608 0
w 656 736 640 736 0
w 320 480 304 480 0
w 320 608 304 608 0
w 320 736 304 736 0
w 304 736 304 608 0
w 304 608 304 480 0
w 304 480 304 352 0
w 448 480 448 352 0
w 448 608 448 480 0
w 448 736 448 608 0
w 464 736 448 736 0
w 464 608 448 608 0
w 464 480 448 480 0
w 608 480 592 480 0
w 608 608 592 608 0
w 608 736 592 736 0
w 592 736 592 608 0
w 592 608 592 480 0
w 592 480 592 352 0
w 304 352 448 352 0
w 448 352 592 352 0
R 304 352 288 352 0 0 40 5 0 0 0.5
207 144 848 112 848 4 3
207 400 480 416 496 4 b0
207 384 608 400 624 4 b3
207 368 736 384 752 4 b6
207 544 480 560 496 4 b1
207 528 608 544 624 4 b4
207 512 736 528 752 4 b7
207 688 480 704 496 4 b2
207 672 608 688 624 4 b5
207 656 736 672 752 4 b8
207 208 352 240 352 4 b0
207 208 384 240 384 4 b6
207 208 368 240 368 4 b3
207 144 368 112 368 4 13
207 144 448 112 448 4 12
207 144 528 112 528 4 11
207 144 768 112 768 4 8
207 144 688 112 688 4 9
207 144 608 112 608 4 10
207 208 832 240 832 4 13
207 208 848 240 848 4 12
207 208 864 240 864 4 11
150 208 608 144 608 0 3 5 5
150 208 688 144 688 0 3 5 5
150 208 768 144 768 0 3 5 5
150 208 848 144 848 0 3 5 5
150 208 528 144 528 0 3 5 5
150 208 448 144 448 0 3 5 5
150 208 368 144 368 0 3 5 5
s 320 480 352 480 0 0 true
s 464 480 496 480 0 0 true
s 320 608 352 608 0 0 true
s 320 736 352 736 0 0 true
s 464 736 496 736 0 0 true
s 464 608 496 608 0 0 true
s 608 608 640 608 0 0 true
s 608 736 640 736 0 0 true
207 208 448 240 448 4 b4
207 208 464 240 464 4 b7
207 208 432 240 432 4 b1
207 208 512 240 512 4 b2
207 208 528 240 528 4 b5
207 208 544 240 544 4 b8
207 208 784 240 784 4 b8
207 208 704 240 704 4 b5
207 208 624 240 624 4 b2
207 208 608 240 608 4 b1
207 208 768 240 768 4 b7
207 208 688 240 688 4 b4
207 208 672 240 672 4 b3
207 208 752 240 752 4 b6
207 208 592 240 592 4 b0
! 1\sof\s16\sDecoder 0 A3,A2,A1,A0,CS1,CS2 Y0,Y1,Y2,Y3,Y4,Y5,Y6,Y7,Y8,Y9,Y10,Y11,Y12,Y13,Y14,Y15 1\sof\s16\sDecoder ????1?\q1111111111111111\n?????1\q1111111111111111\n00000?\q0111111111111111\n00010?\q1011111111111111\n00100?\q1101111111111111\n00110?\q1110111111111111\n01000?\q1111011111111111\n01010?\q1111101111111111\n01100?\q1111110111111111\n01110?\q1111111011111111\n10000?\q1111111101111111\n10010?\q1111111110111111\n10100?\q1111111111011111\n10110?\q1111111111101111\n11000?\q1111111111110111\s\n11010?\q1111111111111011\n11100?\q1111111111111101\n11110?\q1111111111111110\n??????\q1111111111111111\n
208 224 176 272 176 4096 1\sof\s16\sDecoder 0 5 5 5 5 5 5 5 5 5 5 5 5 5 5 5
I 256 240 256 288 0 0.5 5
I 288 240 288 288 0 0.5 5
I 320 240 320 288 0 0.5 5
I 352 240 352 288 0 0.5 5
I 480 240 480 288 0 0.5 5
I 448 240 448 288 0 0.5 5
I 416 240 416 288 0 0.5 5
I 384 240 384 288 0 0.5 5
I 608 240 608 288 0 0.5 5
I 576 240 576 288 0 0.5 5
I 544 240 544 288 0 0.5 5
I 512 240 512 288 0 0.5 5
I 736 240 736 288 0 0.5 5
I 704 240 704 288 0 0.5 5
I 672 240 672 288 0 0.5 5
I 640 240 640 288 0 0.5 5
207 256 288 256 320 4 out0
207 288 288 288 320 4 out1
207 320 288 320 320 4 out2
207 352 288 352 320 4 out3
207 384 288 384 320 4 out4
207 416 288 416 320 4 out5
207 448 288 448 320 4 out6
207 480 288 480 320 4 out7
207 512 288 512 320 4 out8
207 544 288 544 320 4 out9
207 576 288 576 320 4 out10
207 608 288 608 320 4 out11
207 640 288 640 320 4 out12
207 672 288 672 320 4 out13
207 704 288 704 320 4 out14
207 736 288 736 320 4 out15
162 352 672 352 704 2 default-led 1 1 1 0.01
162 384 672 384 704 2 default-led 1 0 0 0.01
w 384 704 352 704 0
207 352 656 352 672 4 out0
r 352 656 352 672 0 1000
r 384 656 384 672 0 1000
207 384 656 384 672 4 out5
207 384 528 384 544 4 out4
r 384 528 384 544 0 1000
r 352 528 352 544 0 1000
207 352 528 352 544 4 out1
w 384 576 352 576 0
162 384 544 384 576 2 default-led 1 0 0 0.01
162 352 544 352 576 2 default-led 1 1 1 0.01
207 384 400 384 416 4 out3
r 384 400 384 416 0 1000
r 352 400 352 416 0 1000
207 352 400 352 416 4 out2
w 384 448 352 448 0
162 384 416 384 448 2 default-led 1 0 0 0.01
162 352 416 352 448 2 default-led 1 1 1 0.01
207 528 400 528 416 4 out9
r 528 400 528 416 0 1000
r 496 400 496 416 0 1000
207 496 400 496 416 4 out8
w 528 448 496 448 0
162 528 416 528 448 2 default-led 1 0 0 0.01
162 496 416 496 448 2 default-led 1 1 1 0.01
207 528 528 528 544 4 out10
r 528 528 528 544 0 1000
r 496 528 496 544 0 1000
207 496 528 496 544 4 out7
w 528 576 496 576 0
162 528 544 528 576 2 default-led 1 0 0 0.01
162 496 544 496 576 2 default-led 1 1 1 0.01
207 528 656 528 672 4 out11
r 528 656 528 672 0 1000
r 496 656 496 672 0 1000
207 496 656 496 672 4 out6
w 528 704 496 704 0
162 528 672 528 704 2 default-led 1 0 0 0.01
162 496 672 496 704 2 default-led 1 1 1 0.01
207 672 400 672 416 4 out15
r 672 400 672 416 0 1000
r 640 400 640 416 0 1000
207 640 400 640 416 4 out14
w 672 448 640 448 0
162 672 416 672 448 2 default-led 1 0 0 0.01
162 640 416 640 448 2 default-led 1 1 1 0.01
207 672 528 672 544 4 A0
r 672 528 672 544 0 1000
r 640 528 640 544 0 1000
207 640 528 640 544 4 out13
w 672 576 640 576 0
162 672 544 672 576 2 default-led 1 0 0 0.01
162 640 544 640 576 2 default-led 1 1 1 0.01
r 640 656 640 672 0 1000
207 640 656 640 672 4 out12
w 672 704 640 704 0
162 672 672 672 704 2 default-led 1 0 0 0.01
162 640 672 640 704 2 default-led 1 1 1 0.01
w 640 448 528 448 0
w 496 448 384 448 0
w 384 576 496 576 0
w 528 576 640 576 0
w 352 448 272 448 0
w 272 448 272 576 0
w 272 576 352 576 0
w 272 576 272 704 0
w 272 704 352 704 0
w 384 704 496 704 0
w 528 704 640 704 0
g 272 832 272 864 0 0
w 416 144 768 144 0
w 768 144 768 336 0
w 768 336 272 336 0
w 272 336 272 448 0
207 384 144 384 112 4 4
207 352 144 352 112 4 A5
207 320 144 320 112 4 A4
207 288 144 288 112 4 A3
207 256 144 256 112 4 A2
s 464 864 496 864 0 0 true
207 512 864 528 880 4 2
w 464 864 304 864 0
w 512 864 496 864 0
w 304 736 304 864 0
w 352 832 416 832 0
w 272 832 352 832 0
207 672 656 672 672 4 6
r 352 784 352 800 0 1000
207 352 784 352 800 4 5
162 352 800 352 832 2 default-led 1 1 1 0.01
162 416 800 416 832 2 default-led 1 0 0 0.01
r 416 784 416 800 0 1000
207 416 784 416 800 4 7
w 416 832 448 832 0
w 272 704 272 832 0
L 48 256 80 256 2 0 false 5 0
L 48 224 80 224 2 0 false 5 0
L 48 240 80 240 2 0 false 5 0
L 48 208 80 208 2 0 false 5 0
207 48 208 16 208 4 A5
207 48 224 16 224 4 A4
207 48 240 16 240 4 A3
207 48 256 16 256 4 A2
207 48 272 16 272 4 A1
207 48 288 16 288 4 A0
L 48 288 80 288 2 0 false 5 0
L 160 208 128 208 2 0 false 5 0
L 160 240 128 240 2 0 false 5 0
L 160 224 128 224 2 0 false 5 0
L 160 256 128 256 2 0 false 5 0
207 160 288 192 288 4 2
207 160 272 192 272 4 3
207 160 256 192 256 4 4
207 160 240 192 240 4 5
207 160 224 192 224 4 6
207 160 208 192 208 4 7
207 160 112 192 112 4 13
207 160 128 192 128 4 12
207 160 144 192 144 4 11
207 160 160 192 160 4 10
207 160 176 192 176 4 9
207 160 192 192 192 4 8
M 160 288 128 288 0 2.5
M 160 272 128 272 0 2.5
M 160 192 128 192 0 2.5
M 160 176 128 176 0 2.5
M 160 160 128 160 0 2.5
M 160 144 128 144 0 2.5
M 160 128 128 128 0 2.5
M 160 112 128 112 0 2.5
r 672 656 672 672 0 1000
R 48 272 80 272 0 6 40 5 0 0 0.5
